Vector3(0.199000001,1.36899996,-6.91900015)
Vector3(0.365999997,2.09500003,-5.13100004)
Vector3(-0.231999993,1.08500004,-4.42799997)
Vector3(-0.294999987,3.10700011,-4.03499985)
Vector3(-0.569999993,2.5999999,-2.5)
Vector3(0.720000029,1.89999998,-2.5)
Vector3(-1.02499998,1,-2.5)
Vector3(1.17999995,1.13,-0.109999999)
Vector3(-1.91999996,2.21000004,-0.109999999)
Vector3(-0.280000001,2.21000004,-0.109999999)
Vector3(-0.280000001,0.370000005,-0.109999999)
Vector3(1.02999997,0.879999995,1.48000002)
Vector3(-2.99000001,0.930000007,1.48000002)
Vector3(-2.01999998,0.930000007,0.709999979)
Vector3(-0.347000003,2.20600009,1.48000002)
Vector3(0.298999995,1.63900006,2.49399996)
Vector3(1.12399995,1.70500004,1.48000002)
Vector3(-0.152999997,0.270000011,1.53999996)
Vector3(-1.65999997,0.379999995,1.53999996)
Vector3(-0.629999995,1.33000004,3.31999993)
Vector3(1.11699998,2.11800003,3.31999993)
Vector3(-1.48000002,2.1400001,3.31999993)
Vector3(-2.97000003,2.01999998,3.31999993)
Vector3(-1.40400004,2.13000011,-5.92000008)
Vector3(1.04700005,1.90100002,-5.92000008)
Vector3(1.20799994,2.046,-3.51999998)
Vector3(-0.633000016,1.99100006,-3.74000001)
Vector3(0.375,1.44299996,-0.0430000015)
Vector3(-2.1099999,1.78199995,-1.80999994)
Vector3(-1.93900001,1.11500001,-5.2329998)





